1
Flatland 100 100
50 50 50 50 50 50 50 50 50 50 50 50 50 50 50 50 50 50 50 50 50 50 50 50 50 50 50 50 50 50 50 50 50 50 50 50 50 50 50 50 50 50 50 50 50 50 50 50 50 50 50 50 50 50 50 50 50 50 50 50 50 50 50 50 50 50 50 50 50 50 50 50 50 50 50 50 50 50 50 50 50 50 50 50 50 50 50 50 50 50 50 50 50 50 50 50 50 50 50 50 
50 50 50 50 50 50 50 50 50 50 50 50 50 50 50 50 50 50 50 50 50 50 50 50 50 50 49 49 49 49 49 49 49 49 49 49 49 49 49 49 49 49 49 49 49 49 49 49 49 49 49 50 50 50 50 50 50 50 50 50 50 50 50 50 50 50 50 50 50 50 50 50 50 50 50 50 49 49 49 49 49 49 49 49 49 49 49 49 49 49 49 49 49 49 49 49 49 49 49 49 
50 50 50 50 50 50 50 50 50 50 50 50 50 50 50 50 50 50 50 50 50 50 50 50 50 50 49 49 49 49 49 49 49 49 49 49 49 49 49 49 49 49 49 49 49 49 49 49 49 49 49 50 50 50 50 50 50 50 50 50 50 50 50 50 50 50 50 50 50 50 50 50 50 50 50 50 49 49 49 49 49 49 49 49 49 49 49 49 49 49 49 49 49 49 49 49 49 49 49 49 
50 50 50 50 50 50 50 50 50 50 50 50 50 50 50 50 50 50 50 50 50 50 50 50 50 50 49 49 49 49 49 49 49 49 49 49 49 49 49 49 49 49 49 49 49 49 49 49 49 49 49 50 50 50 50 50 50 50 50 50 50 50 50 50 50 50 50 50 50 50 50 50 50 50 50 50 49 49 49 49 49 49 49 49 49 49 49 49 49 49 49 49 49 49 49 49 49 49 49 49 
50 50 50 50 50 50 50 50 50 50 50 50 50 50 50 50 50 50 50 50 50 50 50 50 50 50 49 49 49 49 49 49 49 49 49 49 49 49 49 49 49 49 49 49 49 49 49 49 49 49 49 50 50 50 50 50 50 50 50 50 50 50 50 50 50 50 50 50 50 50 50 50 50 50 50 50 49 49 49 49 49 49 49 49 49 49 49 49 49 49 49 49 49 49 49 49 49 49 49 49 
50 50 50 50 50 50 50 50 50 50 50 50 50 50 50 50 50 50 50 50 50 50 50 50 50 50 49 49 49 49 49 49 49 49 49 49 49 49 49 49 49 49 49 49 49 49 49 49 49 49 49 50 50 50 50 50 50 50 50 50 50 50 50 50 50 50 50 50 50 50 50 50 50 50 50 50 49 49 49 49 49 49 49 49 49 49 49 49 49 49 49 49 49 49 49 49 49 49 49 49 
50 50 50 50 50 50 50 51 51 51 51 51 51 51 51 51 51 51 51 50 50 50 50 50 50 50 49 49 49 49 49 49 48 48 48 48 48 48 48 48 48 48 48 48 49 49 49 49 49 49 49 50 50 50 50 50 50 51 51 51 51 51 51 51 51 51 51 51 51 50 50 50 50 50 50 50 49 49 49 49 49 49 48 48 48 48 48 48 48 48 48 48 48 48 49 49 49 49 49 49 
50 50 50 50 50 51 51 51 51 51 51 51 51 51 51 51 51 51 51 51 51 50 50 50 50 50 49 49 49 49 48 48 48 48 48 48 48 48 48 48 48 48 48 48 48 48 49 49 49 49 49 50 50 50 50 51 51 51 51 51 51 51 51 51 51 51 51 51 51 51 51 50 50 50 50 50 49 49 49 49 48 48 48 48 48 48 48 48 48 48 48 48 48 48 48 48 49 49 49 49 
50 50 50 50 51 51 51 51 52 52 52 52 52 52 52 52 52 52 51 51 51 51 50 50 50 50 49 49 49 48 48 48 48 47 47 47 47 47 47 47 47 47 47 48 48 48 48 49 49 49 49 50 50 50 51 51 51 51 52 52 52 52 52 52 52 52 52 52 51 51 51 51 50 50 50 50 49 49 49 48 48 48 48 47 47 47 47 47 47 47 47 47 47 48 48 48 48 49 49 49 
50 50 50 51 51 51 52 52 52 52 52 52 53 53 52 52 52 52 52 52 51 51 51 50 50 50 49 49 48 48 48 47 47 47 47 47 47 46 46 47 47 47 47 47 47 48 48 48 49 49 49 50 50 51 51 51 52 52 52 52 52 52 53 53 52 52 52 52 52 52 51 51 51 50 50 50 49 49 48 48 48 47 47 47 47 47 47 46 46 47 47 47 47 47 47 48 48 48 49 49 
50 50 50 51 51 52 52 52 53 53 53 53 53 53 53 53 53 53 52 52 52 51 51 50 50 50 49 49 48 48 47 47 47 46 46 46 46 46 46 46 46 46 46 47 47 47 48 48 49 49 49 50 50 51 51 52 52 52 53 53 53 53 53 53 53 53 53 53 52 52 52 51 51 50 50 50 49 49 48 48 47 47 47 46 46 46 46 46 46 46 46 46 46 47 47 47 48 48 49 49 
50 50 51 51 52 52 53 53 53 53 54 54 54 54 54 54 53 53 53 53 52 52 51 51 50 50 49 48 48 47 47 46 46 46 46 45 45 45 45 45 45 46 46 46 46 47 47 48 48 49 49 50 51 51 52 52 53 53 53 53 54 54 54 54 54 54 53 53 53 53 52 52 51 51 50 50 49 48 48 47 47 47 46 46 46 45 45 45 45 45 45 46 46 46 46 47 47 48 48 49 
50 50 51 51 52 53 53 53 54 54 54 55 55 55 55 54 54 54 53 53 53 52 51 51 50 50 49 48 48 47 46 46 46 45 45 45 44 44 44 44 45 45 45 46 46 46 47 48 48 49 49 50 51 51 52 53 53 53 54 54 54 55 55 55 55 54 54 54 53 53 53 52 51 51 50 50 49 48 48 47 46 46 46 45 45 45 44 44 44 44 45 45 45 46 46 46 47 48 48 49 
50 50 51 52 52 53 54 54 55 55 55 55 55 55 55 55 55 55 54 54 53 52 52 51 50 50 49 48 47 47 46 45 45 44 44 44 44 44 44 44 44 44 44 45 45 46 47 47 48 49 49 50 51 52 52 53 54 54 55 55 55 55 55 55 55 55 55 55 54 54 53 52 52 51 50 50 49 48 47 47 46 45 45 44 44 44 44 44 44 44 44 44 44 45 45 46 47 47 48 49 
50 50 51 52 53 53 54 55 55 56 56 56 56 56 56 56 56 55 55 54 53 53 52 51 50 50 49 48 47 46 46 45 44 44 43 43 43 43 43 43 43 43 44 44 45 46 46 47 48 49 49 50 51 52 53 53 54 55 55 56 56 56 56 56 56 56 56 55 55 54 54 53 52 51 50 50 49 48 47 46 46 45 44 44 43 43 43 43 43 43 43 43 44 44 45 45 46 47 48 49 
50 50 51 52 53 54 55 55 56 56 57 57 57 57 57 57 56 56 55 55 54 53 52 51 50 50 49 48 47 46 45 44 44 43 43 42 42 42 42 42 42 43 43 44 44 45 46 47 48 49 49 50 51 52 53 54 55 55 56 56 57 57 57 57 57 57 56 56 55 55 54 53 52 51 50 50 49 48 47 46 45 44 44 43 43 42 42 42 42 42 42 43 43 44 44 45 46 47 48 48 
50 51 52 53 54 54 55 56 57 57 58 58 58 58 58 58 57 57 56 55 54 54 53 52 51 50 48 47 46 45 45 44 43 42 42 41 41 41 41 41 41 42 42 43 44 44 45 46 47 48 49 51 52 53 54 54 55 56 57 57 58 58 58 58 58 58 57 57 56 55 55 54 53 52 51 50 48 47 46 45 45 44 43 42 42 41 41 41 41 41 41 42 42 43 44 44 45 46 47 48 
50 51 52 53 54 55 56 57 57 58 58 59 59 59 59 58 58 57 57 56 55 54 53 52 51 50 48 47 46 45 44 43 42 42 41 41 40 40 40 40 41 41 42 42 43 44 45 46 47 48 49 51 52 53 54 55 56 57 57 58 58 59 59 59 59 58 58 57 57 56 55 54 53 52 51 50 48 47 46 45 44 43 42 42 41 41 40 40 40 40 41 41 42 42 43 44 45 46 47 48 
50 51 52 53 54 56 56 57 58 59 59 60 60 60 60 59 59 58 57 57 56 54 53 52 51 50 48 47 46 45 44 43 42 41 40 40 39 39 39 39 40 40 41 42 42 43 45 46 47 48 49 51 52 53 54 55 56 57 58 59 59 60 60 60 60 59 59 58 57 57 56 54 53 52 51 50 48 47 46 45 44 43 42 41 40 40 39 39 39 39 40 40 41 42 42 43 45 46 47 48 
50 51 52 54 55 56 57 58 59 60 60 60 61 61 60 60 60 59 58 57 56 55 54 52 51 50 48 47 45 44 43 42 41 40 39 39 39 38 38 39 39 39 40 41 42 43 44 45 47 48 49 51 52 54 55 56 57 58 59 60 60 60 61 61 60 60 60 59 58 57 56 55 54 52 51 50 48 47 45 44 43 42 41 40 39 39 39 38 38 39 39 39 40 41 42 43 44 45 47 48 
50 51 52 54 55 57 58 59 60 60 61 61 61 61 61 61 60 60 59 58 57 55 54 52 51 50 48 47 45 44 42 41 40 39 39 38 38 38 38 38 38 39 39 40 41 42 44 45 46 48 49 51 52 54 55 56 58 59 60 60 61 61 61 61 61 61 60 60 59 58 57 55 54 53 51 50 48 47 45 44 43 41 40 39 39 38 38 38 38 38 38 39 39 40 41 42 44 45 46 48 
50 51 53 54 56 57 58 59 60 61 62 62 62 62 62 62 61 60 59 58 57 56 54 53 51 50 48 46 45 43 42 41 40 39 38 37 37 37 37 37 37 38 39 40 41 42 43 45 46 48 49 51 53 54 56 57 58 59 60 61 62 62 62 62 62 62 61 60 59 58 57 56 54 53 51 50 48 46 45 43 42 41 40 39 38 37 37 37 37 37 37 38 39 40 41 42 43 45 46 48 
50 51 53 54 56 57 59 60 61 62 62 63 63 63 63 62 62 61 60 59 57 56 55 53 51 50 48 46 45 43 42 40 39 38 37 37 36 36 36 36 37 37 38 39 40 41 43 44 46 48 49 51 53 54 56 57 59 60 61 62 62 63 63 63 63 62 62 61 60 59 58 56 55 53 51 50 48 46 45 43 42 40 39 38 37 37 36 36 36 36 37 37 38 39 40 41 43 44 46 48 
50 51 53 55 56 58 59 61 62 62 63 64 64 64 64 63 62 62 61 59 58 56 55 53 51 50 48 46 44 43 41 40 38 37 37 36 35 35 35 35 36 37 37 38 40 41 43 44 46 48 49 51 53 55 56 58 59 61 62 62 63 64 64 64 64 63 62 62 61 59 58 56 55 53 51 50 48 46 44 43 41 40 39 37 37 36 35 35 35 35 36 36 37 38 40 41 43 44 46 48 
50 51 53 55 57 58 60 61 62 63 64 64 65 65 64 64 63 62 61 60 58 57 55 53 51 50 48 46 44 42 41 39 38 37 36 35 35 34 34 35 35 36 37 38 39 41 42 44 46 48 49 51 53 55 57 58 60 61 62 63 64 64 65 65 64 64 63 62 61 60 58 57 55 53 51 50 48 46 44 42 41 39 38 37 36 35 35 34 34 35 35 36 37 38 39 41 42 44 46 48 
50 51 53 55 57 59 60 62 63 64 64 65 65 65 65 64 64 63 62 60 59 57 55 53 51 50 48 46 44 42 40 39 37 36 35 35 34 34 34 34 35 35 36 37 39 40 42 44 46 47 49 51 53 55 57 59 60 62 63 64 64 65 65 65 65 64 64 63 62 60 59 57 55 53 52 50 48 46 44 42 40 39 37 36 35 35 34 34 34 34 35 35 36 37 39 40 42 44 46 47 
50 52 54 55 57 59 61 62 63 64 65 66 66 66 66 65 64 63 62 61 59 57 56 54 52 50 47 45 44 42 40 38 37 36 35 34 33 33 33 33 34 35 36 37 38 40 42 43 45 47 49 51 54 55 57 59 61 62 63 64 65 65 66 66 66 65 64 63 62 61 59 57 56 54 52 50 48 46 44 42 40 38 37 36 35 34 34 33 33 33 34 35 36 37 38 40 42 43 45 47 
50 52 54 56 58 59 61 62 64 65 65 66 66 66 66 66 65 64 62 61 59 58 56 54 52 50 47 45 43 41 40 38 37 35 34 34 33 33 33 33 33 34 35 37 38 40 41 43 45 47 49 52 54 56 58 59 61 62 64 65 65 66 66 66 66 66 65 64 63 61 59 58 56 54 52 50 47 45 43 41 40 38 37 35 34 34 33 33 33 33 33 34 35 36 38 40 41 43 45 47 
50 52 54 56 58 60 61 63 64 65 66 66 67 67 66 66 65 64 63 61 60 58 56 54 52 50 47 45 43 41 39 38 36 35 34 33 33 32 32 33 33 34 35 36 38 39 41 43 45 47 49 52 54 56 58 60 61 63 64 65 66 66 67 67 66 66 65 64 63 61 60 58 56 54 52 50 47 45 43 41 39 38 36 35 34 33 33 32 32 33 33 34 35 36 38 39 41 43 45 47 
50 52 54 56 58 60 62 63 64 65 66 67 67 67 67 66 65 64 63 62 60 58 56 54 52 50 47 45 43 41 39 37 36 35 34 33 32 32 32 32 33 34 35 36 37 39 41 43 45 47 49 52 54 56 58 60 62 63 64 65 66 67 67 67 67 66 65 64 63 62 60 58 56 54 52 50 47 45 43 41 39 37 36 35 34 33 32 32 32 32 33 33 35 36 37 39 41 43 45 47 
50 52 54 56 58 60 62 63 65 66 67 67 67 67 67 67 66 65 63 62 60 58 56 54 52 50 47 45 43 41 39 37 36 34 33 32 32 32 32 32 32 33 34 36 37 39 41 43 45 47 49 52 54 56 58 60 62 63 65 66 67 67 67 67 67 67 66 65 63 62 60 58 56 54 52 50 47 45 43 41 39 37 36 34 33 32 32 32 32 32 32 33 34 36 37 39 41 43 45 47 
50 52 54 56 58 60 62 63 65 66 67 67 68 68 67 67 66 65 63 62 60 58 56 54 52 50 47 45 43 41 39 37 36 34 33 32 32 31 31 32 32 33 34 36 37 39 41 43 45 47 49 52 54 56 58 60 62 63 65 66 67 67 68 68 67 67 66 65 64 62 60 58 56 54 52 50 47 45 43 41 39 37 36 34 33 32 32 31 31 32 32 33 34 35 37 39 41 43 45 47 
50 52 54 56 58 60 62 64 65 66 67 67 68 68 67 67 66 65 64 62 60 58 56 54 52 50 47 45 43 41 39 37 36 34 33 32 32 31 31 32 32 33 34 35 37 39 41 43 45 47 49 52 54 56 58 60 62 63 65 66 67 67 68 68 67 67 66 65 64 62 60 58 56 54 52 50 47 45 43 41 39 37 36 34 33 32 32 31 31 32 32 33 34 35 37 39 41 43 45 47 
50 52 54 56 58 60 62 63 65 66 67 67 68 68 67 67 66 65 64 62 60 58 56 54 52 50 47 45 43 41 39 37 36 34 33 32 32 31 31 32 32 33 34 35 37 39 41 43 45 47 49 52 54 56 58 60 62 63 65 66 67 67 68 68 67 67 66 65 64 62 60 58 56 54 52 50 47 45 43 41 39 37 36 34 33 32 32 31 31 32 32 33 34 35 37 39 41 43 45 47 
50 52 54 56 58 60 62 63 65 66 67 67 68 68 67 67 66 65 63 62 60 58 56 54 52 50 47 45 43 41 39 37 36 34 33 32 32 31 31 32 32 33 34 36 37 39 41 43 45 47 49 52 54 56 58 60 62 63 65 66 67 67 68 68 67 67 66 65 63 62 60 58 56 54 52 50 47 45 43 41 39 37 36 34 33 32 32 32 31 32 32 33 34 36 37 39 41 43 45 47 
50 52 54 56 58 60 62 63 65 66 66 67 67 67 67 66 66 65 63 62 60 58 56 54 52 50 47 45 43 41 39 37 36 34 33 33 32 32 32 32 33 33 34 36 37 39 41 43 45 47 49 52 54 56 58 60 62 63 64 66 66 67 67 67 67 66 66 65 63 62 60 58 56 54 52 50 47 45 43 41 39 37 36 35 33 33 32 32 32 32 33 33 34 36 37 39 41 43 45 47 
50 52 54 56 58 60 61 63 64 65 66 67 67 67 67 66 65 64 63 61 60 58 56 54 52 50 47 45 43 41 39 38 36 35 34 33 32 32 32 32 33 34 35 36 38 39 41 43 45 47 49 52 54 56 58 60 61 63 64 65 66 67 67 67 67 66 65 64 63 61 60 58 56 54 52 50 47 45 43 41 39 38 36 35 34 33 32 32 32 32 33 34 35 36 37 39 41 43 45 47 
50 52 54 56 58 59 61 63 64 65 66 66 66 66 66 66 65 64 63 61 59 58 56 54 52 50 47 45 43 41 40 38 36 35 34 33 33 33 33 33 33 34 35 36 38 39 41 43 45 47 49 52 54 56 58 59 61 63 64 65 66 66 66 66 66 66 65 64 63 61 60 58 56 54 52 50 47 45 43 41 40 38 36 35 34 33 33 33 33 33 33 34 35 36 38 39 41 43 45 47 
50 52 54 56 57 59 61 62 63 64 65 66 66 66 66 65 64 63 62 61 59 57 56 54 52 50 47 45 44 42 40 38 37 36 35 34 33 33 33 33 34 35 36 37 38 40 42 43 45 47 49 51 54 55 57 59 61 62 63 64 65 66 66 66 66 65 64 63 62 61 59 57 56 54 52 50 48 46 44 42 40 38 37 36 35 34 33 33 33 33 34 35 36 37 38 40 42 43 45 47 
50 51 53 55 57 59 60 62 63 64 64 65 65 65 65 64 64 63 62 60 59 57 55 53 51 50 48 46 44 42 40 39 37 36 35 35 34 34 34 34 35 35 36 37 39 40 42 44 46 47 49 51 53 55 57 59 60 62 63 64 64 65 65 65 65 64 64 63 62 60 59 57 55 53 52 50 48 46 44 42 40 39 38 36 35 35 34 34 34 34 35 35 36 37 39 40 42 44 46 47 
50 51 53 55 57 58 60 61 62 63 64 64 64 64 64 64 63 62 61 60 58 57 55 53 51 50 48 46 44 42 41 39 38 37 36 35 35 35 35 35 35 36 37 38 39 41 42 44 46 48 49 51 53 55 57 58 60 61 62 63 64 64 64 64 64 64 63 62 61 60 58 57 55 53 51 50 48 46 44 42 41 39 38 37 36 35 35 35 35 35 35 36 37 38 39 41 42 44 46 48 
50 51 53 55 56 58 59 60 61 62 63 63 63 63 63 63 62 61 60 59 58 56 55 53 51 50 48 46 44 43 41 40 39 38 37 36 36 36 36 36 36 37 38 39 40 41 43 44 46 48 49 51 53 55 56 58 59 60 61 62 63 63 63 63 63 63 62 61 60 59 58 56 55 53 51 50 48 46 44 43 41 40 39 38 37 36 36 36 36 36 36 37 38 39 40 41 43 44 46 48 
50 51 53 54 56 57 58 59 60 61 62 62 62 62 62 62 61 60 59 58 57 56 54 53 51 50 48 46 45 43 42 41 40 39 38 37 37 37 37 37 37 38 39 40 41 42 43 45 46 48 49 51 53 54 56 57 58 59 60 61 62 62 62 62 62 62 61 60 59 58 57 56 54 53 51 50 48 46 45 43 42 41 40 39 38 37 37 37 37 37 37 38 39 40 41 42 43 45 46 48 
50 51 52 54 55 56 57 58 59 60 60 61 61 61 61 60 60 59 58 57 56 55 54 52 51 50 48 47 45 44 43 42 41 40 39 39 38 38 38 38 39 39 40 41 42 43 44 45 47 48 49 51 52 54 55 56 57 58 59 60 60 61 61 61 61 60 60 59 58 57 56 55 54 52 51 50 48 47 45 44 43 42 41 40 39 39 38 38 38 38 39 39 40 41 42 43 44 45 47 48 
50 51 52 53 54 55 56 57 58 59 59 60 60 60 60 59 59 58 57 56 56 54 53 52 51 50 48 47 46 45 44 43 42 41 40 40 39 39 39 39 40 40 41 42 42 43 45 46 47 48 49 51 52 53 54 55 56 57 58 59 59 60 60 60 60 59 59 58 57 57 56 54 53 52 51 50 48 47 46 45 44 43 42 41 40 40 39 39 39 39 40 40 41 42 42 43 45 46 47 48 
50 51 52 53 54 55 56 56 57 57 58 58 58 58 58 58 57 57 56 56 55 54 53 52 51 50 48 47 46 45 44 44 43 42 42 41 41 41 41 41 41 42 42 43 43 44 45 46 47 48 49 51 52 53 54 55 55 56 57 57 58 58 58 58 58 58 57 57 56 56 55 54 53 52 51 50 48 47 46 45 44 44 43 42 42 41 41 41 41 41 41 42 42 43 43 44 45 46 47 48 
50 50 51 52 53 54 54 55 56 56 56 57 57 57 57 56 56 56 55 54 54 53 52 51 50 50 49 48 47 46 45 45 44 43 43 43 42 42 42 42 43 43 43 44 45 45 46 47 48 49 49 50 51 52 53 54 54 55 56 56 56 57 57 57 57 56 56 56 55 54 54 53 52 51 50 50 49 48 47 46 45 45 44 43 43 43 42 42 42 42 43 43 43 44 45 45 46 47 48 49 
50 50 51 52 52 53 53 54 54 55 55 55 55 55 55 55 55 54 54 53 53 52 52 51 50 50 49 48 47 47 46 46 45 45 44 44 44 44 44 44 44 44 45 45 46 46 47 47 48 49 49 50 51 52 52 53 53 54 54 55 55 55 55 55 55 55 55 54 54 53 53 52 52 51 50 50 49 48 47 47 46 46 45 45 44 44 44 44 44 44 44 44 45 45 46 46 47 47 48 49 
50 50 50 51 51 52 52 52 53 53 53 53 53 53 53 53 53 53 52 52 52 51 51 50 50 50 49 49 48 48 47 47 47 46 46 46 46 46 46 46 46 46 46 47 47 47 48 48 49 49 49 50 50 51 51 52 52 52 53 53 53 53 53 53 53 53 53 53 52 52 52 51 51 50 50 50 49 49 48 48 47 47 47 46 46 46 46 46 46 46 46 46 46 47 47 47 48 48 49 49 
50 50 50 50 50 51 51 51 51 51 51 51 51 51 51 51 51 51 51 51 51 50 50 50 50 50 49 49 49 49 48 48 48 48 48 48 48 48 48 48 48 48 48 48 48 48 49 49 49 49 49 50 50 50 50 51 51 51 51 51 51 51 51 51 51 51 51 51 51 51 51 50 50 50 50 50 49 49 49 49 48 48 48 48 48 48 48 48 48 48 48 48 48 48 48 48 49 49 49 49 
50 50 50 50 50 50 50 50 50 50 50 50 50 50 50 50 50 50 50 50 50 50 50 50 50 50 49 49 49 49 49 49 49 49 49 49 49 49 49 49 49 49 49 49 49 49 49 49 49 49 49 50 50 50 50 50 50 50 50 50 50 50 50 50 50 50 50 50 50 50 50 50 50 50 50 50 49 49 49 49 49 49 49 49 49 49 49 49 49 49 49 49 49 49 49 49 49 49 49 49 
50 49 49 49 49 48 48 48 48 48 48 48 48 48 48 48 48 48 48 48 48 49 49 49 49 49 50 50 50 50 51 51 51 51 51 51 51 51 51 51 51 51 51 51 51 51 50 50 50 50 50 49 49 49 49 48 48 48 48 48 48 48 48 48 48 48 48 48 48 48 48 49 49 49 49 49 50 50 50 50 51 51 51 51 51 51 51 51 51 51 51 51 51 51 51 51 50 50 50 50 
50 49 48 48 48 47 47 46 46 46 46 46 45 45 46 46 46 46 46 47 47 48 48 48 49 49 50 50 51 51 52 52 53 53 53 53 53 54 54 53 53 53 53 53 52 52 51 51 51 50 50 49 49 48 48 47 47 46 46 46 46 46 45 45 46 46 46 46 46 47 47 48 48 48 49 49 50 50 51 51 52 52 53 53 53 53 53 54 54 53 53 53 53 53 52 52 51 51 51 50 
50 49 48 47 47 46 45 45 44 44 44 43 43 43 43 44 44 44 45 45 46 47 47 48 49 49 50 51 52 52 53 54 54 55 55 55 56 56 56 56 55 55 55 54 54 53 52 52 51 50 50 49 48 47 47 46 45 45 44 44 44 43 43 43 43 44 44 44 45 45 46 46 47 48 49 49 50 51 52 52 53 54 54 55 55 55 56 56 56 56 55 55 55 54 54 53 53 52 51 50 
50 48 47 46 45 45 44 43 42 42 42 41 41 41 41 42 42 42 43 44 45 45 46 47 48 49 51 52 53 54 54 55 56 57 57 57 58 58 58 58 57 57 57 56 55 54 54 53 52 51 50 48 47 46 45 45 44 43 42 42 42 41 41 41 41 42 42 42 43 44 45 45 46 47 48 49 51 52 53 53 54 55 56 57 57 57 58 58 58 58 57 57 57 56 55 54 54 53 52 51 
50 48 47 46 44 43 42 41 41 40 39 39 39 39 39 39 40 41 41 42 43 44 46 47 48 49 51 52 53 55 56 57 58 58 59 60 60 60 60 60 60 59 58 58 57 56 55 53 52 51 50 48 47 46 44 43 42 41 41 40 39 39 39 39 39 39 40 41 41 42 43 44 46 47 48 49 51 52 53 55 56 57 58 58 59 60 60 60 60 60 60 59 58 58 57 56 55 53 52 51 
50 48 46 45 43 42 41 40 39 38 37 37 37 37 37 37 38 39 40 41 42 43 45 46 48 49 51 53 54 56 57 58 59 60 61 62 62 62 62 62 62 61 60 59 58 57 56 54 53 51 50 48 46 45 43 42 41 40 39 38 37 37 37 37 37 37 38 39 40 41 42 43 45 46 48 49 51 53 54 56 57 58 59 60 61 62 62 62 62 62 62 61 60 59 58 57 56 54 53 51 
50 48 46 44 42 41 39 38 37 36 35 35 34 34 35 35 36 37 38 39 41 42 44 46 48 49 51 53 55 57 58 60 61 62 63 64 64 65 65 64 64 63 62 61 60 58 57 55 53 51 50 48 46 44 42 41 39 38 37 36 35 35 34 34 35 35 36 37 38 39 41 42 44 46 48 49 51 53 55 57 58 60 61 62 63 64 64 65 65 64 64 63 62 61 60 58 57 55 53 51 
50 47 45 43 41 39 38 36 35 34 33 32 32 32 32 33 34 35 36 38 39 41 43 45 47 49 52 54 56 58 60 61 63 64 65 66 67 67 67 67 66 65 64 63 62 60 58 56 54 52 50 47 45 43 41 39 38 36 35 34 33 32 32 32 32 33 34 35 36 37 39 41 43 45 47 49 52 54 56 58 60 61 63 64 65 66 67 67 67 67 66 65 64 63 62 60 58 56 54 52 
50 47 45 42 40 38 36 34 33 32 31 30 30 30 30 31 32 33 34 36 38 40 42 45 47 49 52 54 57 59 61 63 65 66 67 68 69 69 69 69 68 67 66 65 63 61 59 57 54 52 50 47 45 42 40 38 36 34 33 32 31 30 30 30 30 31 32 33 34 36 38 40 42 44 47 49 52 54 57 59 61 63 65 66 67 68 69 69 69 69 68 67 66 65 63 61 59 57 55 52 
50 47 44 41 39 37 34 32 31 30 28 28 27 27 28 28 30 31 32 34 36 39 41 44 47 49 52 55 58 60 62 65 66 68 69 70 71 72 72 71 71 70 68 67 65 63 60 58 55 52 50 47 44 41 39 37 34 33 31 30 29 28 27 27 28 28 29 31 32 34 36 39 41 44 47 49 52 55 58 60 62 65 66 68 69 70 71 72 72 71 71 70 68 67 65 63 60 58 55 52 
50 46 43 41 38 35 33 31 29 27 26 26 25 25 26 26 27 29 31 33 35 38 41 43 46 49 53 56 58 61 64 66 68 70 72 73 73 74 74 73 73 72 70 68 66 64 61 59 56 53 50 47 44 41 38 35 33 31 29 27 26 26 25 25 26 26 27 29 31 33 35 38 40 43 46 49 52 55 58 61 64 66 68 70 71 73 73 74 74 73 73 72 70 68 66 64 61 59 56 53 
50 46 43 40 37 34 31 29 27 25 24 23 23 23 23 24 25 27 29 31 34 37 40 43 46 49 53 56 59 62 65 68 70 72 74 75 76 76 76 76 75 74 72 70 68 65 62 59 56 53 50 46 43 40 37 34 31 29 27 25 24 23 23 23 23 24 25 27 29 31 34 37 40 43 46 49 53 56 59 62 65 68 70 72 74 75 76 76 76 76 75 74 72 70 68 65 62 59 56 53 
50 46 42 39 36 33 30 27 25 23 22 21 21 21 21 22 23 25 27 30 33 36 39 42 46 49 53 57 60 63 66 69 72 74 76 77 78 78 78 78 77 76 74 72 69 66 63 60 57 53 50 46 42 39 36 33 30 27 25 23 22 21 21 21 21 22 23 25 27 30 32 36 39 42 46 49 53 57 60 63 66 69 72 74 75 77 78 78 78 78 77 76 74 72 69 67 64 60 57 53 
50 46 42 38 35 31 28 26 23 22 20 19 19 19 19 20 22 23 26 28 31 35 38 42 46 49 53 57 61 64 68 71 73 76 77 79 80 80 80 80 79 78 76 73 71 68 64 61 57 53 50 46 42 38 35 31 28 26 23 22 20 19 19 19 19 20 21 23 26 28 31 34 38 42 45 49 53 57 61 64 68 71 73 76 77 79 80 80 80 80 79 78 76 73 71 68 65 61 57 54 
50 45 41 37 34 30 27 24 22 20 18 17 17 17 17 18 20 22 24 27 30 34 37 41 45 49 54 58 62 65 69 72 75 77 79 81 82 82 82 82 81 79 77 75 72 69 65 62 58 54 50 45 41 37 34 30 27 24 22 20 18 17 17 17 17 18 20 22 24 27 30 33 37 41 45 49 53 58 61 65 69 72 75 77 79 81 82 82 82 82 81 79 77 75 72 69 66 62 58 54 
50 45 41 37 33 29 26 23 20 18 16 15 15 15 15 16 18 20 23 26 29 33 37 41 45 49 54 58 62 66 70 73 76 79 81 83 84 84 84 84 83 81 79 76 73 70 66 62 58 54 50 45 41 37 33 29 26 23 20 18 16 15 15 15 15 16 18 20 22 25 29 33 36 41 45 49 54 58 62 66 70 73 76 79 81 83 84 84 84 84 83 81 79 77 74 70 67 63 58 54 
50 45 40 36 32 28 24 21 18 16 14 13 13 13 13 14 16 18 21 24 28 32 36 40 45 49 54 59 63 67 71 75 78 81 83 85 86 86 86 86 85 83 81 78 75 71 67 63 59 54 50 45 40 36 32 28 24 21 18 16 15 13 13 13 13 14 16 18 21 24 28 32 36 40 45 49 54 58 63 67 71 75 78 80 83 84 86 86 86 86 85 83 81 78 75 71 67 63 59 54 
50 45 40 35 31 27 23 20 17 15 13 12 11 11 12 13 15 17 20 23 27 31 35 40 45 49 54 59 64 68 72 76 79 82 84 86 87 88 88 87 86 84 82 79 76 72 68 64 59 54 50 45 40 35 31 27 23 20 17 15 13 12 11 11 12 13 15 17 20 23 27 31 35 40 44 49 54 59 64 68 72 76 79 82 84 86 87 88 88 87 86 85 82 79 76 72 68 64 59 55 
50 44 39 35 30 26 22 18 16 13 11 10 9 9 10 11 13 15 18 22 26 30 35 39 44 49 54 59 64 69 73 77 80 83 86 88 89 90 90 89 88 86 84 81 77 73 69 64 60 55 50 45 40 35 30 26 22 19 16 13 11 10 9 9 10 11 13 15 18 22 26 30 35 39 44 49 54 59 64 69 73 77 80 83 86 88 89 90 90 89 88 86 84 81 77 73 69 65 60 55 
50 44 39 34 29 25 21 17 14 12 10 8 8 8 8 10 12 14 17 21 25 29 34 39 44 49 55 60 65 70 74 78 82 85 87 89 91 91 91 91 89 87 85 82 78 74 70 65 60 55 50 44 39 34 29 25 21 17 14 12 10 8 8 8 8 10 12 14 17 21 25 29 34 39 44 49 55 60 65 69 74 78 82 85 87 89 90 91 91 91 89 87 85 82 78 74 70 65 60 55 
50 44 39 34 29 24 20 16 13 10 8 7 6 6 7 8 10 13 16 20 24 29 34 39 44 49 55 60 65 70 75 79 83 86 89 91 92 93 93 92 91 89 86 83 79 75 70 66 60 55 50 44 39 34 29 24 20 16 13 11 9 7 6 6 7 8 10 13 16 20 24 29 33 39 44 49 55 60 65 70 75 79 83 86 88 90 92 93 93 92 91 89 86 83 79 75 71 66 60 55 
50 44 38 33 28 23 19 15 12 9 7 6 5 5 6 7 9 12 15 19 23 28 33 38 44 49 55 60 66 71 76 80 84 87 90 92 93 94 94 93 92 90 87 84 80 76 71 66 61 55 50 44 39 33 28 24 19 15 12 9 7 6 5 5 6 7 9 12 15 19 23 28 33 38 44 49 55 60 66 71 75 80 84 87 90 92 93 94 94 93 92 90 87 84 80 76 71 66 61 55 
50 44 38 33 28 23 18 14 11 8 6 5 4 4 5 6 8 11 14 18 23 28 33 38 44 49 55 61 66 71 76 81 84 88 91 93 94 95 95 94 93 91 88 85 81 76 72 66 61 55 50 44 38 33 28 23 18 15 11 8 6 5 4 4 5 6 8 11 14 18 23 27 33 38 44 49 55 61 66 71 76 80 84 88 91 93 94 95 95 94 93 91 88 85 81 76 72 66 61 55 
50 44 38 32 27 22 18 14 10 8 5 4 3 3 4 5 8 10 14 18 22 27 32 38 44 49 55 61 66 72 77 81 85 89 91 94 95 96 96 95 94 92 89 85 81 77 72 67 61 55 50 44 38 33 27 22 18 14 10 8 5 4 3 3 4 5 7 10 14 18 22 27 32 38 43 49 55 61 66 72 77 81 85 89 91 94 95 96 96 95 94 92 89 85 81 77 72 67 61 56 
50 44 38 32 27 22 17 13 10 7 5 3 2 2 3 5 7 10 13 17 22 27 32 38 44 49 55 61 67 72 77 82 86 89 92 94 96 96 97 96 94 92 89 86 82 77 72 67 61 56 50 44 38 32 27 22 17 13 10 7 5 3 3 2 3 5 7 10 13 17 22 27 32 38 43 49 55 61 67 72 77 82 86 89 92 94 96 96 97 96 94 92 89 86 82 77 72 67 61 56 
50 44 38 32 27 22 17 13 9 6 4 3 2 2 3 4 6 9 13 17 21 26 32 38 43 49 55 61 67 72 77 82 86 90 93 95 96 97 97 96 95 93 90 86 82 78 73 67 61 56 50 44 38 32 27 22 17 13 9 6 4 3 2 2 3 4 6 9 13 17 21 26 32 37 43 49 55 61 67 72 77 82 86 90 92 95 96 97 97 96 95 93 90 86 82 78 73 67 62 56 
50 43 38 32 26 21 17 13 9 6 4 2 2 2 2 4 6 9 12 17 21 26 32 37 43 49 55 61 67 73 78 82 86 90 93 95 97 97 97 97 95 93 90 87 82 78 73 67 62 56 50 44 38 32 27 21 17 13 9 6 4 2 2 2 2 4 6 9 12 16 21 26 32 37 43 49 55 61 67 72 78 82 86 90 93 95 97 97 97 97 95 93 90 87 83 78 73 67 62 56 
50 43 38 32 26 21 17 12 9 6 4 2 1 1 2 4 6 9 12 17 21 26 32 37 43 49 55 61 67 73 78 82 87 90 93 95 97 98 98 97 95 93 90 87 83 78 73 67 62 56 50 44 38 32 26 21 17 13 9 6 4 2 1 1 2 4 6 9 12 16 21 26 32 37 43 49 55 61 67 72 78 82 86 90 93 95 97 98 98 97 95 93 90 87 83 78 73 67 62 56 
50 43 38 32 26 21 17 12 9 6 4 2 2 2 2 4 6 9 12 17 21 26 32 37 43 49 55 61 67 73 78 82 86 90 93 95 97 97 97 97 95 93 90 87 83 78 73 67 62 56 50 44 38 32 26 21 17 13 9 6 4 2 2 1 2 4 6 9 12 16 21 26 32 37 43 49 55 61 67 72 78 82 86 90 93 95 97 97 98 97 95 93 90 87 83 78 73 67 62 56 
50 44 38 32 26 21 17 13 9 6 4 3 2 2 3 4 6 9 13 17 21 26 32 38 43 49 55 61 67 72 78 82 86 90 93 95 96 97 97 96 95 93 90 86 82 78 73 67 62 56 50 44 38 32 27 22 17 13 9 6 4 3 2 2 2 4 6 9 13 17 21 26 32 37 43 49 55 61 67 72 77 82 86 90 93 95 96 97 97 97 95 93 90 87 82 78 73 67 62 56 
50 44 38 32 27 22 17 13 10 7 4 3 2 2 3 4 7 9 13 17 22 27 32 38 43 49 55 61 67 72 77 82 86 89 92 94 96 97 97 96 95 92 90 86 82 77 72 67 61 56 50 44 38 32 27 22 17 13 10 7 5 3 2 2 3 4 7 9 13 17 22 27 32 38 43 49 55 61 67 72 77 82 86 89 92 94 96 97 97 96 95 92 90 86 82 78 73 67 62 56 
50 44 38 32 27 22 18 14 10 7 5 4 3 3 4 5 7 10 14 18 22 27 32 38 44 49 55 61 67 72 77 81 85 89 92 94 95 96 96 95 94 92 89 86 82 77 72 67 61 55 50 44 38 32 27 22 18 14 10 7 5 4 3 3 4 5 7 10 13 17 22 27 32 38 43 49 55 61 66 72 77 81 85 89 92 94 95 96 96 95 94 92 89 86 82 77 72 67 61 56 
50 44 38 33 27 23 18 14 11 8 6 5 4 4 5 6 8 11 14 18 23 27 33 38 44 49 55 61 66 71 76 81 85 88 91 93 94 95 95 94 93 91 88 85 81 76 72 66 61 55 50 44 38 33 28 23 18 14 11 8 6 5 4 4 5 6 8 11 14 18 22 27 32 38 44 49 55 61 66 71 76 81 85 88 91 93 94 95 95 94 93 91 88 85 81 77 72 67 61 56 
50 44 38 33 28 23 19 15 12 9 7 6 5 5 6 7 9 12 15 19 23 28 33 38 44 49 55 61 66 71 76 80 84 87 90 92 93 94 94 93 92 90 87 84 80 76 71 66 61 55 50 44 39 33 28 23 19 15 12 9 7 6 5 5 6 7 9 12 15 19 23 28 33 38 44 49 55 60 66 71 76 80 84 87 90 92 93 94 94 93 92 90 87 84 80 76 71 66 61 55 
50 44 39 34 29 24 20 16 13 10 8 7 6 6 7 8 10 13 16 20 24 29 34 39 44 49 55 60 65 70 75 79 83 86 89 91 92 93 93 92 91 89 86 83 79 75 70 66 60 55 50 44 39 34 29 24 20 16 13 10 8 7 6 6 7 8 10 13 16 20 24 28 33 39 44 49 55 60 65 70 75 79 83 86 89 91 92 93 93 92 91 89 86 83 79 75 71 66 61 55 
50 44 39 34 29 25 21 17 14 12 10 9 8 8 9 10 12 14 17 21 25 29 34 39 44 49 55 60 65 70 74 78 82 85 87 89 90 91 91 90 89 87 85 82 78 74 70 65 60 55 50 44 39 34 30 25 21 17 14 12 10 9 8 8 8 10 12 14 17 21 25 29 34 39 44 49 55 60 65 69 74 78 81 85 87 89 90 91 91 91 89 87 85 82 78 74 70 65 60 55 
50 44 40 35 30 26 22 19 16 13 12 10 10 10 10 12 13 16 19 22 26 30 35 40 44 49 54 59 64 69 73 77 80 83 86 87 89 89 89 89 88 86 83 80 77 73 69 64 60 55 50 45 40 35 30 26 22 19 16 13 12 10 10 10 10 11 13 16 19 22 26 30 35 39 44 49 54 59 64 69 73 77 80 83 86 87 89 89 89 89 88 86 83 80 77 73 69 64 60 55 
50 45 40 36 31 27 24 20 17 15 13 12 12 12 12 13 15 17 20 23 27 31 35 40 45 49 54 59 63 68 72 75 79 81 84 86 87 87 87 87 86 84 82 79 76 72 68 64 59 54 50 45 40 36 31 27 24 20 18 15 13 12 12 12 12 13 15 17 20 23 27 31 35 40 45 49 54 59 63 68 72 75 79 81 84 86 87 87 87 87 86 84 82 79 76 72 68 64 59 54 
50 45 41 36 32 28 25 22 19 17 16 14 14 14 14 15 17 19 22 25 28 32 36 41 45 49 54 58 63 67 70 74 77 80 82 83 85 85 85 85 84 82 80 77 74 71 67 63 58 54 50 45 41 36 32 29 25 22 19 17 16 14 14 14 14 15 17 19 22 25 28 32 36 40 45 49 54 58 62 67 70 74 77 80 82 83 85 85 85 85 84 82 80 77 74 71 67 63 59 54 
50 45 41 37 33 30 27 24 21 19 18 17 16 16 17 18 19 21 24 27 30 33 37 41 45 49 54 58 62 66 69 72 75 78 80 81 82 83 83 82 81 80 78 75 72 69 66 62 58 54 50 45 41 37 34 30 27 24 21 19 18 17 16 16 17 18 19 21 24 27 30 33 37 41 45 49 54 58 62 65 69 72 75 78 80 81 82 83 83 82 81 80 78 75 72 69 66 62 58 54 
50 46 42 38 35 31 28 26 24 22 20 19 19 19 19 20 22 24 26 28 31 35 38 42 46 49 53 57 61 64 68 71 73 75 77 79 80 80 80 80 79 77 76 73 71 68 64 61 57 53 50 46 42 38 35 32 29 26 24 22 20 19 19 19 19 20 22 23 26 28 31 35 38 42 46 49 53 57 61 64 67 70 73 75 77 79 80 80 80 80 79 77 76 73 71 68 64 61 57 54 
50 46 43 39 36 33 30 28 26 24 23 22 22 22 22 23 24 26 28 30 33 36 39 43 46 49 53 56 60 63 66 69 71 73 75 76 77 77 77 77 76 75 73 71 69 66 63 60 57 53 50 46 43 39 36 33 30 28 26 24 23 22 22 22 22 23 24 26 28 30 33 36 39 42 46 49 53 56 60 63 66 69 71 73 75 76 77 77 77 77 76 75 73 71 69 66 63 60 57 53 
50 46 43 40 37 35 32 30 28 27 26 25 25 25 25 26 27 28 30 32 35 37 40 43 46 49 53 56 59 62 64 67 69 71 72 73 74 74 74 74 73 72 71 69 67 64 62 59 56 53 50 46 43 40 38 35 32 30 28 27 26 25 25 25 25 26 27 28 30 32 35 37 40 43 46 49 53 56 59 61 64 67 69 71 72 73 74 74 74 74 73 72 71 69 67 64 62 59 56 53 
50 47 44 41 39 37 35 33 31 30 29 28 28 28 28 29 30 31 33 34 37 39 41 44 47 49 52 55 58 60 62 64 66 68 69 70 71 71 71 71 70 69 68 66 65 62 60 58 55 52 50 47 44 42 39 37 35 33 31 30 29 28 28 28 28 29 30 31 33 34 37 39 41 44 47 49 52 55 57 60 62 64 66 68 69 70 71 71 71 71 70 69 68 66 65 62 60 58 55 52 
50 47 45 43 41 39 37 35 34 33 32 31 31 31 31 32 33 34 35 37 39 41 43 45 47 49 52 54 56 58 60 62 64 65 66 67 68 68 68 68 67 66 65 64 62 60 59 56 54 52 50 47 45 43 41 39 37 35 34 33 32 31 31 31 31 32 33 34 35 37 38 40 43 45 47 49 52 54 56 58 60 62 64 65 66 67 68 68 68 68 67 66 65 64 62 61 59 56 54 52 
50 48 46 44 42 41 39 38 37 36 35 35 34 34 35 35 36 37 38 39 41 42 44 46 48 49 51 53 55 57 58 60 61 62 63 64 64 65 65 64 64 63 62 61 60 58 57 55 53 51 50 48 46 44 42 41 39 38 37 36 35 35 34 34 35 35 36 37 38 39 41 42 44 46 48 49 51 53 55 57 58 60 61 62 63 64 64 65 65 64 64 63 62 61 60 58 57 55 53 51 
50 48 47 45 44 43 42 41 40 39 38 38 38 38 38 38 39 40 41 42 43 44 45 47 48 49 51 52 54 55 56 57 58 59 60 61 61 61 61 61 61 60 59 58 57 56 55 54 52 51 50 48 47 45 44 43 42 41 40 39 38 38 38 38 38 38 39 40 41 42 43 44 45 47 48 49 51 52 54 55 56 57 58 59 60 61 61 61 61 61 61 60 59 58 57 56 55 54 52 51 
50 49 48 47 46 45 44 43 43 42 42 42 42 42 42 42 42 43 43 44 45 46 47 48 48 49 50 51 52 53 54 55 56 56 57 57 57 57 57 57 57 57 56 56 55 54 53 52 51 51 50 49 48 47 46 45 44 43 43 42 42 42 42 42 42 42 42 43 43 44 45 46 47 47 48 49 50 51 52 53 54 55 56 56 57 57 57 57 57 57 57 57 56 56 55 54 53 52 52 51 
50 49 48 48 48 47 47 46 46 46 46 45 45 45 45 46 46 46 46 47 47 48 48 48 49 49 50 51 51 51 52 52 53 53 53 53 54 54 54 54 53 53 53 53 52 52 51 51 51 50 50 49 48 48 48 47 47 46 46 46 46 45 45 45 45 46 46 46 46 47 47 48 48 48 49 49 50 51 51 51 52 52 53 53 53 53 54 54 54 54 53 53 53 53 52 52 51 51 51 50 
